1_김상현:7	8	26	15	57
6_이민준:26	78	80	67	4
9_윤상혁:90	62	18	22	65
10_임승우:9	53	14	53	22
14_이도현:66	23	80	0	36
4_최승민:35	21	2	64	85
12_정도준:46	8	84	49	94
5_정상호:3	28	14	57	78
12_조동준:85	11	16	55	57
1_정영현:51	76	67	33	83
1_강정훈:45	58	59	5	19
9_박준민:17	60	54	19	18
9_최승혁:43	25	55	56	41
3_윤승호:80	95	61	65	92
13_최민재:10	98	78	16	18
6_김도수:98	97	4	9	3
11_이준재:30	20	29	89	96
11_박현수:8	6	83	53	10
6_강준수:64	97	19	88	97
11_강준우:13	17	67	44	0
10_임민수:88	48	26	94	14
14_이민준1:96	39	9	100	10
6_김영준:99	92	64	94	68
5_임동현:2	92	63	94	79
14_장도혁:9	37	38	62	45
9_이정수:6	52	97	21	66
10_임도준:74	64	26	8	0
8_조승훈:33	10	99	85	93
14_강지혁:14	1	52	40	6
11_강지호:13	66	98	70	65
3_강현혁:0	66	66	94	57
1_장영훈:79	46	80	57	58
9_정승수:26	19	58	97	55
9_장현민:62	8	67	43	67
10_강정호:90	65	41	76	25
11_장승석:46	8	94	45	34
4_조정수:3	30	66	2	70
11_박영현:24	4	74	19	43
1_박도민:36	96	32	70	52
11_최현현:74	20	4	80	47
12_조민수:51	85	89	65	54
3_최승현:0	59	21	6	83
4_강지현:84	93	78	4	24
8_박준민1:27	26	4	87	40
12_임정재:14	67	18	94	83
10_정민훈:26	52	64	4	79
12_이영재:7	88	92	5	51
6_장동훈:93	83	30	76	9
11_윤상석:49	48	15	17	95
3_윤영석:26	90	81	35	49
8_박영혁:80	0	24	90	10
10_장도수:100	37	70	80	44
3_임민민:47	7	23	14	94
12_장지석:51	90	59	73	41
11_박영민:59	94	86	32	43
6_조상석:61	0	20	86	80
13_임동재:70	66	26	45	38
6_김상준:12	21	24	70	46
2_조준혁:33	30	64	29	61
11_최정석:100	66	17	41	27
10_김준민:8	80	4	85	76
2_윤현재:24	37	19	74	9
11_조상혁:11	98	81	33	58
8_정정재:52	3	5	89	89
10_임준민:23	59	25	72	45
7_정지재:76	83	26	70	82
10_최현민:4	83	53	62	76
3_장준준:77	96	12	55	84
13_박현재:27	71	100	10	29
8_임상수:56	50	73	95	47
1_장정민:19	80	59	5	44
13_윤준석:63	12	14	64	30
4_장민우:62	7	37	10	58
6_임동수:66	1	97	81	24
9_박상현:48	73	50	51	72
1_윤현호:38	48	56	33	67
2_조영민:17	71	67	29	44
13_임민호:13	22	74	48	68
9_강승준:53	75	4	31	90
12_이현수:12	76	31	24	65
14_윤준재:55	99	44	63	30
7_장준훈:63	37	35	98	92
12_조현민:40	68	99	26	12
7_김현호:86	88	40	10	67
1_강준석:10	77	17	15	85
12_정도호:52	72	91	72	54
14_윤정우:91	14	17	16	38
11_정동호:70	37	49	40	19
2_김정현:14	23	100	90	50
3_조동재:21	11	57	73	47
13_강민현:48	19	10	13	89
5_정동호1:53	88	85	73	22
5_박민훈:83	33	11	38	59
2_윤영석1:77	40	43	58	99
1_조상훈:25	98	65	20	3
8_윤상석1:89	100	26	80	50
13_박준우:85	35	23	22	70
8_정상재:90	14	73	23	21
12_박현수1:8	46	16	88	82
14_최상민:8	12	8	93	97
8_이동현:53	27	80	42	78
1_최정훈:72	61	65	62	14
14_조영수:84	43	19	6	52
11_박현석:21	28	31	29	61
4_임승재:8	16	81	43	46
4_이정우:37	1	25	87	85
4_박승수:52	56	41	99	85
13_이정현:42	26	87	16	8
2_임영준:85	65	50	20	88
9_장현현:42	32	52	51	48
12_김정석:87	5	86	16	59
10_이상혁:16	89	84	82	3
5_윤준석1:19	82	20	14	16
7_임현우:72	98	29	26	18
14_박정훈:58	3	12	42	56
10_윤정우1:54	93	33	19	30
10_정승석:73	56	74	85	36
9_최도석:22	81	50	72	17
12_이동현1:31	52	75	49	83
3_김영훈:31	95	39	62	56
10_강상우:34	56	20	68	11
4_강영우:23	97	96	37	27
2_강준현:10	80	60	3	38
11_임정석:4	22	28	4	36
6_강지현1:69	37	34	18	4
13_임동수1:5	87	52	12	30
4_정승민:82	91	54	61	34
10_조승수:73	8	15	84	57
14_윤영호:42	51	91	98	70
7_장민혁:59	26	76	38	67
5_이도준:79	4	7	51	22
9_김민혁:10	77	72	88	15
2_이승훈:37	38	80	95	8
7_강현혁1:96	100	38	41	38
3_최현호:41	58	67	47	31
2_최동재:7	23	25	58	95
6_장승훈:37	62	60	1	74
4_이도혁:66	27	38	96	20
6_임민민1:56	61	19	21	33
12_최도민:79	25	58	42	28
13_조승우:65	76	52	89	87
10_박정혁:14	94	46	46	47
10_박현훈:94	22	2	62	15
8_최동재1:33	13	39	67	48
1_최상석:76	48	4	37	96
12_장준재:92	98	44	90	75
7_윤민혁:56	9	83	16	97
3_김승현:84	6	51	99	64
12_최민민:74	56	11	65	79
4_강현현:37	88	100	98	91
12_임준수:31	14	51	24	94
6_박준재:60	10	39	73	32
11_김지민:0	45	3	31	27
12_조영혁:40	6	13	72	54
12_최준석:16	72	75	30	59
1_장정혁:95	33	64	80	82
10_윤준재1:14	21	85	90	15
1_이민호:77	45	52	40	90
3_조정우:95	14	80	14	82
13_이준석:98	67	1	9	11
2_조민민:62	38	43	88	1
10_정도수:83	73	48	16	42
3_정상재1:71	38	14	7	85
12_장정우:63	9	81	44	22
7_강민민:99	9	39	34	36
8_윤지준:11	79	78	16	98
9_정민석:93	30	90	24	34
14_장정재:64	15	14	61	19
7_이민호1:27	42	88	63	22
1_임상현:34	25	33	91	92
9_장민훈:89	72	16	86	75
10_강민수:6	54	81	19	98
8_김정준:68	96	6	37	24
13_박승준:51	25	99	72	92
8_장민혁1:2	94	16	20	96
3_장현민1:54	75	11	94	37
10_강도수:76	51	91	79	95
1_김정훈:38	30	53	36	48
6_임도수:100	89	42	47	53
2_윤준민:65	40	5	22	65
2_장민재:76	68	94	3	43
7_정민수:76	82	49	88	84
13_강승석:41	80	89	23	70
6_정승호:62	60	85	22	69
5_장지현:46	55	77	20	94
10_박영석:70	76	0	5	32
13_이정민:68	20	12	31	17
2_정동민:31	88	89	41	21
13_김영수:42	26	73	6	10
11_장상현:87	41	28	87	4
14_이지현:90	12	66	11	54
4_강도수1:2	22	7	93	88
12_이준훈:77	72	65	72	45
8_조동혁:52	81	92	86	56
5_김동재:69	62	64	26	29
2_강도호:88	43	32	70	57
6_조동수:98	50	89	32	94
7_장정수:21	10	88	39	88
11_장현호:84	37	97	57	48
10_임지훈:83	3	33	18	52
14_정도호1:58	60	20	57	65
12_김도민:45	68	60	10	27
7_임승수:23	34	51	29	39
2_박준재1:52	78	4	41	46
12_박승민:93	25	61	62	1
1_김상훈:24	84	68	72	32
6_정지수:74	0	57	49	80
12_강동수:70	64	69	32	68
8_정지수1:18	10	33	32	14
11_박현현:5	28	6	92	12
7_임현우1:3	14	17	26	76
6_강영재:14	47	68	79	38
4_정승혁:100	78	40	45	5
4_정민우:62	81	64	29	14
13_조준혁1:50	86	93	55	59
4_정지민:99	19	36	17	24
8_최준민:21	12	56	77	35
5_김승훈:62	68	55	66	13
5_정도수1:62	26	37	27	93
11_강도훈:74	35	63	71	57
5_임동우:28	95	98	25	65
8_장지민:98	71	19	96	84
8_장도민:6	43	35	55	17
7_최정우:64	97	100	66	56
11_임영수:70	30	24	1	21
9_조승혁:36	39	14	67	82
4_윤승재:23	21	18	83	39
8_임민훈:72	1	38	81	51
12_최영혁:43	55	44	63	58
10_조정준:54	43	62	26	36
10_강지준:46	30	45	59	42
10_장동훈1:31	51	94	69	90
4_이동혁:35	94	64	3	30
10_최지우:64	40	80	83	65
7_정상혁:54	17	30	72	81
3_임준재:0	10	57	99	3
7_최지우1:83	31	7	16	49
8_조정호:21	44	56	13	51
10_정민준:17	78	97	22	51
14_최정우1:12	88	8	50	66
3_김지호:6	81	98	99	10
14_정지민1:58	4	81	1	43
5_최영석:40	22	11	28	75
12_이영민:6	63	100	14	49
3_윤상우:86	54	64	73	67
14_장승민:53	53	33	70	17
12_이지민:25	93	86	90	37
3_장도재:37	93	83	33	2
4_조정수1:41	61	4	50	98
8_강도훈1:43	99	99	41	32
5_윤민현:49	27	12	24	95
11_김승재:62	77	91	56	29
3_조준민:5	68	87	45	9
5_박도현:30	8	12	96	33
7_김승혁:38	75	45	44	26
11_임동혁:75	27	91	35	49
14_이정호:28	88	71	40	38
14_정도준1:85	23	77	11	0
4_김현호1:89	55	63	81	59
10_강동수1:8	66	8	9	73
6_최현석:75	40	88	59	16
11_임승우1:22	35	26	50	81
9_이정준:91	8	77	38	74
4_정지수2:46	35	89	25	62
13_조도준:81	57	30	10	14
9_강상혁:97	49	7	68	62
5_강승훈:15	64	61	39	29
13_김승현1:51	40	30	15	84
8_김현수:99	42	33	98	10
9_박정수:85	61	31	82	0
9_임승석:85	60	52	44	48
10_박준현:86	7	30	96	64
9_장상수:52	61	45	22	99
6_이현석:72	42	30	19	28
4_장지혁:12	12	31	67	90
2_박현혁:43	91	92	0	47
12_윤민석:15	26	1	64	88
5_박동수:46	3	84	29	95
2_박영현1:53	97	68	81	85
3_이현호:88	96	20	100	75
4_이동재:54	90	93	41	96
14_임정민:33	67	11	80	1
14_임정우:99	99	0	64	43
4_박준호:23	38	82	77	92
4_최동민:44	98	14	19	11
12_장현준:0	71	42	35	33
3_강상준:86	42	18	24	18
3_강지훈:37	51	21	3	50
5_조정재:41	68	30	99	33
13_박지훈:100	44	62	83	47
12_장승훈1:25	52	3	62	76
3_최준수:47	9	81	24	15
8_임상석:58	18	92	57	98
13_김정혁:47	99	90	73	61
4_이정현1:69	3	6	36	51
11_윤준훈:71	40	32	70	79
4_김동재1:73	67	15	45	97
2_김민혁1:27	64	13	22	99
6_정도호2:3	88	96	44	98
10_정지수3:60	0	43	2	87
5_정승수1:19	27	57	95	23
7_임민우:18	68	64	19	54
8_김지재:60	2	88	92	5
7_정상혁1:65	46	7	99	62
6_조현훈:73	34	12	26	34
2_김민우:35	26	75	74	82
8_임승호:28	10	87	58	27
1_임민우1:4	76	68	76	53
3_박정재:44	94	63	1	84
3_박민석:41	97	70	41	57
11_윤현혁:90	8	66	25	7
13_최영현:14	99	12	75	91
5_최동민1:41	78	40	46	28
9_임영재:20	93	12	71	95
13_이현우:99	43	90	6	42
11_김현현:35	75	17	24	36
11_이정현2:56	65	17	60	20
9_정현석:5	64	66	57	25
10_윤상혁1:48	65	39	38	10
13_강도수2:91	100	4	61	30
11_장현훈:46	71	35	6	17
9_조동재1:93	72	50	6	99
12_윤동혁:63	15	80	67	21
7_장동민:60	42	1	33	48
11_박승호:4	55	3	85	32
2_김승우:57	92	27	69	81
7_이정재:4	0	25	88	56
5_장동준:88	53	37	70	70
14_임정민1:23	88	35	61	70
13_강현수:70	16	24	40	21
12_윤현훈:0	84	96	68	6
5_최민우:49	60	9	22	41
2_정승준:80	40	91	4	0
6_최지우2:89	85	36	22	13
10_임현호:34	44	45	21	3
9_장도현:71	52	58	52	80
11_박도현1:3	97	11	56	7
4_임민혁:20	51	80	69	88
8_강상훈:81	14	41	86	98
13_최상재:89	9	13	69	65
4_강도준:22	29	82	57	34
1_김영민:42	0	10	100	5
10_최민민1:34	21	63	65	28
8_박지우:10	66	7	9	90
9_김현훈:79	57	34	82	61
14_김도민1:54	63	29	83	67
1_이정호1:4	25	33	77	71
7_최도우:39	16	49	76	82
3_임도혁:49	11	80	53	50
3_강정호1:46	17	23	80	78
6_정준우:54	32	73	3	39
4_정도현:78	22	4	10	76
3_최동석:14	42	73	100	90
6_김상수:56	15	45	30	47
1_최도민1:36	88	33	17	67
13_정준혁:78	32	79	82	3
3_정승민1:62	58	40	41	51
10_이정준1:35	67	38	63	87
5_정현민:28	32	18	16	49
3_정현민1:91	69	80	72	64
7_정지현:89	54	75	47	42
11_최승민1:55	11	92	81	2
13_조준혁2:59	25	71	84	60
10_임준석:35	23	97	68	38
2_강승우:82	7	52	27	69
3_강영훈:29	53	12	23	62
5_김민호:96	14	69	33	83
12_임정우1:9	87	42	84	35
3_조도훈:100	47	93	17	48
1_최정수:94	98	46	89	21
8_임정수:82	98	62	3	98
11_임동우1:26	78	89	73	84
7_이도호:57	34	7	47	78
6_장정민1:39	14	88	32	36
10_장지수:20	56	83	51	10
1_이영민1:27	35	69	70	10
4_강현우:48	15	27	66	67
14_임상수1:19	39	25	88	8
9_이영훈:53	33	38	75	19
10_최현민1:51	40	69	6	71
10_조동현:73	1	85	26	90
6_장준재1:99	4	19	2	36
8_임승호1:39	87	28	53	14
3_김지석:17	67	72	23	49
14_윤현호1:69	60	82	98	73
9_장동우:42	38	98	83	63
10_최지우3:54	72	25	18	95
10_최승우:16	51	37	51	36
5_장상석:83	13	48	86	94
14_김현혁:63	63	8	38	37
11_윤정재:46	43	73	24	60
2_김지석1:99	26	42	68	13
3_이영민2:53	28	85	42	95
8_장민훈1:23	37	49	85	53
6_임승훈:56	7	60	83	98
12_최민우1:68	2	17	83	74
11_정승호1:1	65	82	70	47
14_정영수:24	83	32	37	77
1_박동혁:69	60	3	87	17
7_최승혁1:20	10	93	53	53
6_강민준:51	32	80	31	81
1_장현훈1:19	90	3	97	86
9_박정훈1:62	25	65	77	9
14_정준우1:17	14	20	96	12
2_임민호1:63	74	37	93	80
8_정현준:94	39	25	72	85
9_장동민1:45	25	9	82	95
10_김동민:42	75	23	27	42
1_최승현1:64	38	79	91	91
5_이동현2:60	39	46	99	86
11_박지민:41	10	82	21	22
10_이영재1:80	74	46	1	98
14_윤도민:95	79	47	25	71
7_정영석:93	57	75	14	51
3_최상수:20	72	16	1	90
12_정영호:41	53	61	26	2
9_정정석:86	79	97	59	64
10_임도재:24	56	42	46	53
10_최민석:19	54	4	75	0
11_임지재:21	93	5	22	98
1_김현준:37	2	31	14	25
11_윤현민:63	14	84	37	34
3_윤현호2:89	41	56	48	78
2_박승현:16	70	51	75	11
4_박민수:95	8	60	23	66
7_이지훈:86	27	98	25	0
4_조상석1:66	65	21	31	56
7_김승수:64	38	100	17	93
2_정준준:37	77	24	48	7
9_최현혁:38	23	38	83	51
9_강상우1:78	75	86	75	19
7_장현수:33	91	99	62	83
3_김민우1:48	92	47	31	48
9_윤상현:61	47	96	49	88
8_이정준2:67	87	32	47	62
12_김도수1:36	81	6	87	70
9_이승석:26	66	65	39	85
5_이정민1:16	59	68	79	69
3_정도수2:24	2	7	23	2
12_정도혁:56	75	91	75	19
4_정상수:28	96	12	94	97
5_김현재:80	19	78	38	97
5_박도수:49	22	58	6	67
13_조영민1:52	26	88	18	93
13_강동재:17	69	70	54	44
1_강동수2:100	65	93	42	20
13_윤민현1:37	24	70	10	51
2_장도재1:55	15	62	50	73
7_김준석:26	30	47	71	4
7_정지석:74	36	99	48	20
5_조승현:38	85	10	24	17
5_김상현1:94	67	18	66	28
10_강현준:69	75	50	94	2
12_강민호:75	58	80	94	51
6_장상우:47	39	81	6	51
1_윤영재:93	63	29	36	51
14_이현재:10	30	87	54	14
11_정현재:29	28	44	22	47
12_박준수:66	95	2	73	78
3_임상석1:24	59	73	93	71
11_이영현:37	55	32	4	47
12_정민석1:96	80	33	95	90
3_김상석:65	8	48	74	84
13_최정재:22	83	77	28	20
1_최민호:100	18	21	14	96
4_최상우:63	27	67	31	47
11_김현호2:57	36	26	74	28
2_정상현:91	88	100	64	13
13_최준우:89	10	26	79	44
12_박영민1:18	4	25	19	100
13_장현민2:70	91	64	56	15
4_윤상민:86	57	81	82	60
3_최동호:71	47	46	53	16
9_임지석:89	77	58	18	15
10_김동준:39	16	15	68	73
12_정지준:50	3	83	13	10
4_장민준:92	78	92	64	100
5_윤도민1:43	99	61	46	22
1_조지우:30	78	56	98	100
5_최현혁1:31	48	56	49	40
9_조현민1:28	96	2	22	52
4_장승훈2:18	51	21	30	0
7_김정재:29	76	19	13	13
10_최현현1:20	13	19	47	66
6_최도민2:10	13	62	10	94
2_박도준:98	56	85	3	0
1_장정호:38	81	63	74	12
4_정정수:39	95	81	71	59
2_박현호:60	60	17	3	15
1_임동우2:29	8	72	48	3
3_조동호:87	88	40	1	99
2_윤민우:82	81	56	97	88
9_조정호1:52	64	93	72	54
11_임영민:31	62	60	87	96
4_윤지재:39	59	8	56	74
14_장동민2:63	89	30	25	90
8_임정호:10	60	70	46	96
14_정준수:12	86	53	70	79
13_윤상호:10	13	82	16	53
5_이현훈:99	57	12	83	20
2_강승준1:8	60	79	12	63
14_박도혁:14	100	73	66	51
5_김지호1:27	47	49	6	46
6_강지훈1:3	88	52	71	21
12_정승호2:15	11	72	93	59
7_윤정우2:98	40	100	67	49
4_김정호:1	48	90	47	95
5_정도우:99	58	24	59	44
2_윤현혁1:62	94	46	76	43
3_정민민:7	21	64	2	97
13_최동호1:6	7	66	5	8
10_이영수:16	17	14	26	66
1_강상재:69	94	95	15	32
2_박정훈2:68	74	14	59	23
7_조승훈1:98	52	16	50	41
7_최정수1:47	54	85	48	5
13_윤상재:21	28	26	74	72
7_정현민2:14	22	33	85	15
9_최지훈:93	92	95	29	58
10_박도혁1:49	17	35	27	96
8_정준민:90	72	46	63	99
9_최현혁2:96	96	13	72	70
8_박민현:64	16	30	11	99
4_이도수:69	84	82	55	61
10_조민수1:2	96	26	81	74
14_박현현1:33	42	15	7	29
1_윤준준:67	55	16	0	38
7_임준혁:81	42	78	70	19
2_조상석2:57	59	3	13	85
12_김영석:25	6	47	19	95
2_윤민석1:3	35	27	52	12
8_장현호1:82	97	12	6	9
5_조준혁3:45	15	98	54	39
2_윤도석:38	82	51	29	66
14_윤승현:0	91	8	4	26
14_정동호2:74	47	50	54	93
12_박정석:36	7	44	100	15
12_강도훈2:95	29	57	24	73
11_윤도훈:60	79	12	74	77
13_윤현석:22	91	91	23	69
11_윤도준:27	83	67	97	97
2_김도준:37	51	52	100	7
8_김민민:16	31	62	38	37
4_조지훈:98	27	52	30	70
4_윤영혁:14	65	65	28	86
8_이준우:68	4	52	66	74
8_윤도준1:41	26	60	77	52
10_강지우:42	15	0	83	3
5_정정수1:42	89	39	35	61
9_최지준:82	61	40	30	0
13_김승재1:100	50	0	10	80
13_김승재2:100	50	0	10	80
13_김승재3:100	50	0	10	80
13_김승재4:100	50	0	10	80
13_구승재:100	50	0	10	80
13_구승재1:100	50	0	10	80
13_구태훈:90	90	90	90	90
13_갱스터:10	10	10	10	10
13_구기명:1	1	1	1	1
13_구기준:1	0	2	1	1
13_구기석:1	0	2	1	1
13_구기임:1	1	1	2	0
1_구상수:100	95	98	90	90
1_구선희:100	100	98	100	100
